http://wwwi2.ymparisto.fi/i2/95/prev_week_e.txt accessed 2023-05-09
 
 Weekly inflow energy  for Finland
 Week 18
 
   Day    GWh/Week   Obs%
 20230501  483.08   98.44  +
 20230502  507.38   98.44  +
 20230503  551.70   98.44  +
 20230504  576.99   98.44  +
 20230505  584.35   98.44  +
 20230506  585.06   96.88  +
 20230507  560.82   96.88  +
 
 Each value is the inflow energy for last 7 day period.
 The inflow energy for the week 18 is
 560.82  GWh.
 
  
  Inflow energy for Finland (GWh/Week)
  Min, max and median values are for the period 1978-2014
      2023  2022
 mmdd   GWh   GWh  Median  Min    Max
 0101   150   141  145.1   43.6  379.4
 0102   140   145  140.6   41.2  384.8
 0103   134   147  139.6   39.2  383.7
 0104   140   143  137.8   39.2  378.3
 0105   138   148  137.3   39.3  368.9
 0106   128   144  135.3   41.4  358.0
 0107   124   136  134.0   41.0  348.1
 0108   112   131  134.5   39.4  339.6
 0109   117   127  135.5   38.5  334.2
 0110   114   117  135.5   40.1  331.0
 0111   118   118  133.2   45.6  326.5
 0112   131   115  129.9   48.7  320.8
 0113   138   128  127.3   52.3  309.6
 0114   131   133  128.2   53.2  296.1
 0115   151   130  129.6   55.9  280.4
 0116   167   135  129.7   57.8  268.9
 0117   184   142  129.1   59.7  259.9
 0118   191   131  128.5   58.8  255.9
 0119   177   139  129.1   59.3  250.9
 0120   186   126  125.8   60.8  252.3
 0121   189   128  123.6   67.1  253.5
 0122   168   125  120.8   71.4  255.5
 0123   169   124  119.6   76.3  252.2
 0124   166   127  119.9   77.7  248.3
 0125   169   135  121.0   75.6  242.2
 0126   163   120  120.8   70.7  233.4
 0127   150   116  118.7   67.1  220.9
 0128   159   109  116.6   66.5  208.8
 0129   171   122  116.1   63.0  202.4
 0130   168   126  116.3   55.1  202.2
 0131   171   119  112.8   48.2  201.5
 0201   156   116  108.7   45.5  200.1
 0202   159   123  106.3   45.7  198.3
 0203   160   118  108.2   42.2  201.7
 0204   149   121  112.4   39.8  204.5
 0205   147   130  113.8   40.3  203.8
 0206   131   129  116.2   44.5  197.6
 0207   138   127  115.8   49.8  192.3
 0208   129   130  117.5   52.8  188.3
 0209   149   134  115.8   52.5  187.6
 0210   158   145  114.9   52.2  183.4
 0211   155   137  113.3   50.9  182.1
 0212   147   120  113.4   50.0  178.1
 0213   159   118  111.9   50.6  177.1
 0214   130   124  110.1   51.4  170.8
 0215   137   123  108.0   53.2  168.8
 0216   129   132  107.9   49.5  165.7
 0217   117   137  107.2   45.8  164.1
 0218   124   161  106.4   41.5  157.9
 0219   114   167  105.1   40.4  154.9
 0220   114   158  104.4   41.4  156.6
 0221   126   149  102.7   44.2  162.3
 0222   119   150  102.0   45.1  170.6
 0223   120   130  101.7   42.9  175.3
 0224   121   131  102.5   38.3  180.1
 0225   112   115  101.3   38.6  182.6
 0226   115   109  100.2   38.8  187.7
 0227   107   116   99.7   39.3  192.1
 0228   113   120   99.8   37.1  192.3
 0301   117   121  100.2   35.5  190.2
 0302   106   126   98.2   36.2  184.4
 0303   105   105   97.5   39.9  179.0
 0304   105    92   96.5   44.8  172.1
 0305    99    98   97.3   48.1  169.8
 0306    94    97   98.3   46.7  165.4
 0307    86    92   97.2   45.4  164.5
 0308    85    93   96.2   47.0  165.8
 0309    81    86   95.7   48.1  169.5
 0310    86   107   96.5   49.7  170.8
 0311    85   114   96.6   47.5  170.8
 0312    88   106   96.7   49.6  171.2
 0313    92    95   96.4   51.5  174.9
 0314   105   101   98.1   55.5  175.1
 0315   104   101   95.2   56.9  176.0
 0316   111   109   94.8   57.3  174.8
 0317   102    96   91.5   55.5  172.4
 0318   122   105   91.7   51.2  169.4
 0319   128   108   91.8   48.8  166.5
 0320   135   115   92.7   41.6  167.4
 0321   120   112   94.1   33.7  175.2
 0322   134   103   94.3   24.9  187.4
 0323   149   104   95.1   22.6  205.2
 0324   158   112   94.7   26.3  222.6
 0325   159   108   94.0   29.8  237.0
 0326   159   118   94.1   34.8  247.5
 0327   158   112   94.9   39.2  251.8
 0328   166   134   96.9   43.6  250.6
 0329   159   141   98.5   49.0  244.5
 0330   139   138   99.9   51.0  235.8
 0331   141   126  101.4   53.2  229.2
 0401   118   116  105.0   54.5  221.5
 0402   117   115  109.1   56.5  217.0
 0403   105   125  113.3   56.0  216.0
 0404    99   105  116.0   55.4  221.9
 0405    96   129  120.3   54.1  227.3
 0406    99   143  124.1   54.9  228.4
 0407    99   140  127.6   50.9  228.8
 0408   105   164  129.5   47.2  233.9
 0409   108   165  128.7   45.3  251.3
 0410   124   175  129.4   47.3  272.2
 0411   141   187  129.6   51.1  291.2
 0412   152   170  132.7   53.1  303.1
 0413   164   159  138.8   57.6  314.4
 0414   168   179  147.8   60.7  341.7
 0415   176   176  157.3   64.6  376.8
 0416   163   176  166.0   63.9  415.9
 0417   157   186  175.1   66.5  439.4
 0418   148   188  184.2   68.0  455.6
 0419   149   208  193.9   70.9  461.5
 0420   154   234  206.9   71.0  459.7
 0421   168   255  219.5   70.5  461.9
 0422   184   292  230.4   68.9  487.7
 0423   222   334  240.7   66.4  540.8
 0424   248   370  253.9   65.2  606.1
 0425   280   412  271.7   68.7  670.5
 0426   304   456  285.1   77.0  737.5
 0427   325   488  291.9   90.3  804.3
 0428   355   521  299.1  103.7  873.1
 0429   396   537  310.1  112.2  938.3
 0430   446   549  331.9  116.8 1021.8
 0501   483   539  362.4  119.6 1125.7
 0502   507   551  401.6  124.0 1242.4
 0503   551   537  442.8  129.1 1353.3
 0504   576   526  474.8  131.7 1445.8
 0505   584   504  515.8  135.0 1513.8
 0506   585   493  572.8  136.8 1543.7
 0507   560   489  609.0  140.0 1529.5
 0508   556   522  646.2  141.6 1483.8
 0509   551   546  666.5  146.5 1430.3
 0510   -     605  712.3  153.0 1436.7
 0511   -     687  740.6  159.6 1491.3
 0512   -     786  772.5  162.9 1573.9
 0513   -     895  782.0  167.3 1615.4
 0514   -    1012  767.7  178.6 1620.2
 0515   -    1099  761.6  199.2 1609.2
 0516   -    1176  768.6  233.7 1577.9
 0517   -    1217  792.7  280.5 1521.6
 0518   -    1225  789.8  310.1 1438.5
 0519   -    1199  781.9  316.1 1393.8
 0520   -    1154  780.8  297.6 1395.0
 0521   -    1076  808.8  285.7 1434.0
 0522   -     983  825.7  277.9 1493.5
 0523   -     903  822.8  275.5 1589.9
 0524   -     821  781.1  273.5 1709.5
 0525   -     758  741.2  272.2 1799.2
 0526   -     711  708.3  271.9 1832.1
 0527   -     657  681.1  269.6 1802.5
 0528   -     620  655.3  262.9 1719.6
 0529   -     603  626.4  254.1 1634.1
 0530   -     573  596.9  242.9 1564.6
 0531   -     558  570.7  231.5 1513.0
 0601   -     536  545.2  220.8 1440.6
 0602   -     515  522.9  211.5 1347.5
 0603   -     502  499.2  206.8 1245.0
 0604   -     476  479.2  199.1 1140.6
 0605   -     454  458.6  191.8 1055.4
 0606   -     435  440.4  184.8  998.3
 0607   -     412  417.3  182.3  969.6
 0608   -     386  400.1  181.9  945.1
 0609   -     366  386.8  181.6  917.6
 0610   -     338  378.3  176.9  892.2
 0611   -     326  368.4  170.7  860.9
 0612   -     315  354.9  166.0  822.2
 0613   -     296  349.5  161.9  771.9
 0614   -     283  340.4  156.7  732.8
 0615   -     274  335.4  147.9  712.6
 0616   -     274  325.6  140.1  720.5
 0617   -     278  321.2  135.9  742.2
 0618   -     288  313.3  133.9  767.0
 0619   -     309  304.3  134.0  771.5
 0620   -     324  290.1  132.5  769.8
 0621   -     321  275.1  129.0  765.5
 0622   -     329  259.5  123.1  754.1
 0623   -     317  251.6  125.4  719.7
 0624   -     320  247.1  126.2  667.0
 0625   -     298  238.9  131.5  625.7
 0626   -     263  228.4  126.1  600.8
 0627   -     235  217.3  121.7  585.2
 0628   -     236  213.5  116.4  579.6
 0629   -     213  210.6  117.6  583.1
 0630   -     193  210.6  116.2  607.2
 0701   -     168  207.9  112.4  629.6
 0702   -     161  207.9  104.2  647.2
 0703   -     158  206.0  102.1  654.5
 0704   -     152  207.7   96.0  653.5
 0705   -     143  205.7   87.3  652.3
 0706   -     141  206.3   77.8  639.9
 0707   -     139  202.3   75.9  614.8
 0708   -     130  196.3   82.5  588.0
 0709   -     127  191.2   85.9  569.1
 0710   -     126  186.4   85.9  559.4
 0711   -     120  184.1   78.2  547.4
 0712   -     116  179.8   74.4  523.1
 0713   -     128  176.4   67.8  503.4
 0714   -     172  176.1   64.9  486.2
 0715   -     182  174.0   58.4  492.0
 0716   -     196  171.4   58.3  492.1
 0717   -     202  167.9   53.2  496.8
 0718   -     225  168.4   52.9  497.3
 0719   -     227  170.2   42.5  501.1
 0720   -     219  170.4   40.3  496.0
 0721   -     194  171.9   38.2  482.5
 0722   -     198  173.4   47.4  471.2
 0723   -     196  176.3   51.3  463.8
 0724   -     190  177.0   53.7  452.4
 0725   -     178  175.5   47.5  435.9
 0726   -     189  174.2   49.0  416.3
 0727   -     197  170.4   44.8  398.1
 0728   -     185  168.1   43.8  381.7
 0729   -     175  161.6   36.2  362.7
 0730   -     182  158.5   31.3  348.9
 0731   -     192  154.7   27.3  349.8
 0801   -     198  151.2   26.4  369.2
 0802   -     186  146.0   26.3  395.4
 0803   -     200  143.9   30.1  414.5
 0804   -     204  144.8   30.4  418.6
 0805   -     202  146.0   29.6  399.4
 0806   -     204  146.8   24.9  378.1
 0807   -     200  146.9   20.5  364.6
 0808   -     197  150.9   20.9  365.7
 0809   -     195  154.3   20.6  372.1
 0810   -     191  159.3   19.3  377.6
 0811   -     197  157.5   17.5  388.3
 0812   -     198  157.6   18.1  392.4
 0813   -     177  154.3   21.5  392.2
 0814   -     169  155.2   26.2  380.9
 0815   -     162  152.8   26.4  391.1
 0816   -     167  153.5   27.1  420.4
 0817   -     154  153.2   28.0  475.1
 0818   -     150  153.6   30.4  518.5
 0819   -     160  152.0   33.8  557.8
 0820   -     177  150.3   36.0  588.8
 0821   -     178  147.2   36.7  611.2
 0822   -     174  146.5   34.5  609.6
 0823   -     160  145.9   27.9  589.7
 0824   -     154  146.7   23.4  556.1
 0825   -     143  146.0   20.4  521.6
 0826   -     139  146.6   19.6  482.4
 0827   -     131  145.0   20.4  453.3
 0828   -     124  143.2   24.1  433.1
 0829   -     136  139.3   31.8  421.1
 0830   -     131  138.1   42.0  406.7
 0831   -     118  137.3   50.4  404.7
 0901   -     106  139.4   53.9  420.0
 0902   -      92  137.5   55.0  448.9
 0903   -      78  135.4   50.1  477.7
 0904   -      64  132.7   45.3  499.1
 0905   -      45  130.7   40.4  513.6
 0906   -      53  127.3   37.6  531.7
 0907   -      49  123.1   39.0  559.9
 0908   -      49  122.9   39.9  593.3
 0909   -      60  124.5   45.7  621.4
 0910   -      60  127.0   51.2  630.4
 0911   -      65  128.2   51.1  624.6
 0912   -      71  134.0   55.2  602.1
 0913   -      80  138.9   58.1  569.5
 0914   -      96  150.0   66.0  528.2
 0915   -     124  153.9   66.6  484.2
 0916   -     135  162.8   59.5  454.3
 0917   -     151  165.1   53.4  435.9
 0918   -     170  170.8   47.3  428.7
 0919   -     177  170.7   46.9  415.5
 0920   -     164  170.9   47.1  401.0
 0921   -     152  165.2   47.0  389.4
 0922   -     144  160.2   45.3  392.9
 0923   -     132  156.8   42.2  411.2
 0924   -     119  161.9   40.0  443.1
 0925   -     101  169.3   38.3  472.0
 0926   -     112  177.0   43.0  504.5
 0927   -     121  179.8   46.8  524.6
 0928   -     129  183.7   55.0  541.9
 0929   -     126  185.9   56.5  547.2
 0930   -     115  187.7   56.6  547.3
 1001   -     106  184.8   55.8  534.0
 1002   -     117  182.8   57.5  517.0
 1003   -     103  180.8   62.1  489.2
 1004   -     102  180.2   66.1  466.5
 1005   -     109  178.0   66.8  439.3
 1006   -     121  178.2   68.7  426.8
 1007   -     139  179.1   72.2  415.5
 1008   -     153  185.5   76.8  413.4
 1009   -     168  191.0   76.4  409.7
 1010   -     172  196.3   78.6  407.4
 1011   -     174  199.0   81.8  405.7
 1012   -     177  203.4   86.7  411.4
 1013   -     164  208.2   87.5  431.0
 1014   -     163  215.2   86.0  448.7
 1015   -     171  219.0   84.4  461.4
 1016   -     174  219.7   77.1  453.1
 1017   -     184  215.9   75.7  448.6
 1018   -     193  213.7   72.3  443.7
 1019   -     190  210.1   69.9  454.9
 1020   -     194  207.1   65.2  462.8
 1021   -     193  205.0   60.2  466.6
 1022   -     195  204.3   58.4  461.3
 1023   -     181  203.6   54.0  458.6
 1024   -     157  200.0   56.6  455.6
 1025   -     148  194.8   60.5  459.9
 1026   -     148  189.7   70.3  460.7
 1027   -     142  189.8   72.1  473.9
 1028   -     151  192.9   74.7  486.3
 1029   -     158  197.9   74.7  505.1
 1030   -     142  199.2   78.0  515.4
 1031   -     164  203.4   76.3  521.4
 1101   -     176  206.0   71.8  518.1
 1102   -     176  207.5   64.9  508.8
 1103   -     192  206.7   62.3  490.3
 1104   -     189  208.4   60.7  466.3
 1105   -     173  216.3   61.7  436.7
 1106   -     199  223.3   61.6  406.5
 1107   -     197  227.5   64.3  374.3
 1108   -     198  229.5   69.2  354.0
 1109   -     207  230.8   73.7  348.9
 1110   -     208  227.9   74.9  366.3
 1111   -     225  223.2   71.7  386.8
 1112   -     235  218.5   67.5  405.6
 1113   -     236  215.8   66.8  414.8
 1114   -     257  211.8   64.1  419.7
 1115   -     269  205.7   61.9  426.3
 1116   -     261  203.0   56.2  432.9
 1117   -     261  200.5   58.2  439.8
 1118   -     242  196.9   65.9  435.9
 1119   -     235  195.2   76.1  422.5
 1120   -     221  191.4   81.9  405.6
 1121   -     201  195.9   84.0  387.6
 1122   -     172  196.1   83.1  377.0
 1123   -     166  199.0   85.2  374.3
 1124   -     152  196.4   83.4  388.2
 1125   -     145  195.3   81.4  406.4
 1126   -     133  192.9   79.2  424.1
 1127   -     137  190.0   81.3  436.7
 1128   -     129  186.5   82.8  447.6
 1129   -     130  181.3   81.9  453.4
 1130   -     134  179.0   78.0  460.2
 1201   -     136  174.2   74.8  464.9
 1202   -     138  175.1   72.8  467.3
 1203   -     145  176.5   67.4  460.3
 1204   -     141  179.5   60.4  445.4
 1205   -     143  180.9   54.3  425.9
 1206   -     152  181.6   53.4  408.1
 1207   -     143  185.3   54.9  403.8
 1208   -     144  184.5   55.3  416.1
 1209   -     142  182.2   54.0  431.7
 1210   -     144  179.1   55.0  447.4
 1211   -     145  177.7   57.1  458.3
 1212   -     138  174.2   58.5  469.9
 1213   -     136  167.4   57.9  479.3
 1214   -     140  162.8   57.3  486.8
 1215   -     133  161.1   60.1  491.0
 1216   -     129  160.0   63.1  493.7
 1217   -     131  160.0   63.5  490.4
 1218   -     131  158.6   62.4  481.1
 1219   -     135  162.5   64.4  462.9
 1220   -     132  163.4   69.8  439.9
 1221   -     139  164.7   74.0  415.0
 1222   -     144  162.9   75.5  386.4
 1223   -     154  162.7   74.0  361.5
 1224   -     155  163.5   74.6  340.7
 1225   -     159  161.7   74.2  327.4
 1226   -     159  158.1   72.8  315.5
 1227   -     157  155.8   67.7  313.5
 1228   -     144  154.9   61.7  321.8
 1229   -     143  154.9   56.8  338.3
 1230   -     139  152.8   52.0  355.0
 1231   -     144  148.5   47.7  369.6
